access_count	value
         0     107388
         1      51010
         2       2138
         3       1174
         4        924
         5        770
         6        732
         7        813
         8       1093
         9       1298
        10       1627
        11       1922
        12       2207
        13       2419
        14       2416
        15       2511
        16       2496
        17       2433
        18       2234
        19       2301
        20       2275
        21       2315
        22       2307
        23       2413
        24       2566
        25       2748
        26       3001
        27       3003
        28       3430
        29       3561
        30       3655
        31       3772
        32       3985
        33       3852
        34       3673
        35       3641
        36       3401
        37       3242
        38       2789
        39       2509
        40       2124
        41       1802
        42       1473
        43       1169
        44        950
        45        724
        46        533
        47        379
        48        314
        49        208
        50        153
        51         86
        52         66
        53         36
        54         41
        55         19
        56          6
        57          7
        58          5
        59          0
        60          3
        61          1
        62          0
        63          0
        64          1
        65          0
        66          0
        67          0
        68          0
