time	value
     13616        149
     23616      50770
     33616     162365
     43650     168534
     53650     169224
     63663     164418
     73663     141131
     83663     159967
     93664     160176
    103664     157414
    113664     136170
    123664     151260
    133664     159381
    143695     167092
    153695     167240
    163695     166498
    173695     165732
    183695     166941
    193695     164065
    203695     163372
    213695     144507
    223695     161820
    233695     167683
    243695     169291
    253695     172640
    263695     170680
    273727     171676
    283727     171677
    293727     170559
    303727     171013
    313750     170607
    326881     129678
