time	value
     15992   1.000000
     25992   1.000000
     35992   3.146370
     46006   3.061513
     56013   3.062909
     66050   3.081888
     76050   3.053307
     86051   3.093495
     96051   3.085509
    106051   3.081263
    116051   3.083494
    126051   3.098861
    136051   3.095084
    146070   3.093825
    156084   3.078985
    166103   3.070485
    176103   3.062770
    186104   3.061175
    196104   3.053709
    206112   3.058650
    216112   2.950801
    226112   2.900520
    236112   2.955606
    246148   2.955446
    256148   2.995844
    266148   2.940506
    276148   2.929413
    286148   2.989946
    296165   3.060283
    306165   2.938339
    316188   3.008630
    329287   2.959471
